0 00000000 

9 

0 00200001 

9 

0 00400002 

9 

0 00600003 

9 

0 00800004 

9 

0 00A00005 

9 

0 00C00006 

9 

0 00E00007 

9 
1 00000000 

9 

1 00200001 

9 

1 00400002 

9 

1 00600003 

9 

1 00800004 

9 

1 00A00005 

9 

1 00C00006 

9 

1 00E00007 

9 
0 49177CE  

0 33745F0  

0 6890A5E  

0 FC22424  

0 06A6FA1 

0 49177CE  

0 33745F0  

0 6890A5E
1 0123 

9 

4 0123 

9 

0 1235 

9 

4 1235 

9 

2 1236 

9 

4 1236 

9 
5 1BCC8F4 

9 
0 6000040  

3 6000040  

3 1234  

9 
